720575940628307026
720575940605793894
720575940605819680
720575940600071689
720575940600124169
720575940603714652
720575940616904889
720575940616949977
720575940616154580
720575940616163189
720575940616174292
720575940616219353
720575940616300230
720575940617109435
720575940617109691
720575940617110233
720575940617161617
720575940634866799
720575940634895002
720575940634922906
720575940652678390
720575940654668193
720575940658428033
720575940634694240
720575940634737633
720575940605547552
720575940647826052
720575940647828356
720575940647935028
720575940648290436
720575940649378681
720575940650510326
720575940652632566
720575940633297107
720575940636024671
720575940633442335
720575940633446431
720575940633497826
720575940633498849
720575940633499929
720575940632971591
720575940633078829
720575940633142497
720575940633148638
720575940607584898
720575940607638485
720575940606077374
720575940634034457
720575940633602131
720575940631778444
720575940631402956
720575940631884818
720575940631888524
720575940632076089
720575940632079540
720575940631642220
720575940631674593
720575940631723821
720575940632370605
720575940632632365
720575940632114755
720575940647630724
720575940647685172
720575940608410325
720575940632889645
720575940630460727
720575940630507116
720575940630955700
720575940630964561
720575940630988113
720575940631007799
720575940631024209
720575940630700684
720575940631141317
720575940631152069
720575940631241743
720575940631330263
720575940609201347
720575940646864948
720575940646927924
720575940635951471
720575940636118895
720575940636286644
720575940630423547
720575940630255447
720575940630285356
720575940630299127
720575940630588367
720575940630590326
720575940630364160
720575940630418263
720575940608920075
720575940609043925
720575940630729320
720575940630782283
720575940630852931
720575940630442711
720575940629905255
720575940629933762
720575940630003703
720575940630020567
720575940630046846
720575940630067676
720575940630156631
720575940630176503
720575940630202306
720575940610133955
720575940610294979
720575940609293660
720575940609499000
720575940609553476
720575940609574468
720575940630334459
720575940629172679
720575940629176023
720575940629260035
720575940629263610
720575940629264492
720575940629492071
720575940637727066
720575940636513399
720575940636529765
720575940636571749
720575940610397230
720575940610623089
720575940609907298
720575940629667945
720575940629742714
720575940629379407
720575940628618106
720575940637320169
720575940628793243
720575940628805019
720575940628842951
720575940628852423
720575940628471375
720575940628494588
720575940629328463
720575940628861435
720575940629075499
720575940629117699
720575940628731140
720575940610805858
720575940610907654
720575940629532794
720575940627879496
720575940627887356
720575940628083530
720575940637766878
720575940637991401
720575940628217832
720575940628358068
720575940611333841
720575940611508629
720575940611755286
720575940628663281
720575940628383560
720575940628409674
720575940628434673
720575940628149002
720575940628154985
720575940627061946
720575940627348841
720575940627372565
720575940627484041
720575940627181854
720575940627887888
720575940627541736
720575940627552584
720575940627584787
720575940627606801
720575940627661640
720575940612110946
720575940645949294
720575940638037318
720575940628120296
720575940627842792
720575940626580773
720575940626642344
720575940626740404
720575940626849072
720575940638136922
720575940638274879
720575940638471768
720575940627053903
720575940626767618
720575940626822146
720575940626927887
720575940612489113
720575940612030437
720575940612064997
720575940627243052
720575940627278340
720575940626148185
720575940626177176
720575940626231498
720575940626313316
720575940626365758
720575940626418020
720575940626079376
720575940626124839
720575940612768405
720575940612790442
720575940612156968
720575940612186803
720575940612235586
720575940612329934
720575940626521744
720575940626276400
720575940625101496
720575940625195303
720575940626050490
720575940625683431
720575940625703975
720575940625883454
720575940625371024
720575940625414380
720575940612962730
720575940613020018
720575940613046499
720575940613056218
720575940613109362
720575940625979667
720575940625995312
720575940638965181
720575940625013948
720575940625052233
720575940624795883
720575940625295084
720575940624842483
720575940624874167
720575940624956903
720575940613248435
720575940613291749
720575940613400037
720575940612922163
720575940625564362
720575940625567762
720575940625584627
720575940625634028
720575940625663280
720575940624090602
720575940623847935
720575940624112381
720575940624271911
720575940624323657
720575940624385772
720575940624514547
720575940624829989
720575940624566456
720575940613445746
720575940613468397
720575940613606575
720575940613684911
720575940639210062
720575940639349632
720575940639464867
720575940623280127
720575940623296507
720575940623544712
720575940639618432
720575940639665469
720575940623337510
720575940623362122
720575940623374861
720575940623495974
720575940623674879
720575940644827428
720575940613802090
720575940624011784
720575940624051348
720575940624078921
720575940624084149
720575940622732713
720575940622756707
720575940622420189
720575940622436641
720575940622779775
720575940623007326
720575940623087507
720575940623165608
720575940614296214
720575940614404970
720575940644439456
720575940644506135
720575940644741412
720575940644796951
720575940623199965
720575940623200280
720575940621949022
720575940621684318
720575940622385869
720575940621988084
720575940622040742
720575940622107312
720575940622181670
720575940622313084
720575940641037696
720575940622565572
720575940622574605
720575940622594857
720575940614672786
720575940614686662
720575940614708642
720575940622710655
720575940620928321
720575940620581893
720575940620645709
720575940621123905
720575940620859489
720575940621234927
720575940621354991
720575940620953583
720575940640591924
720575940640595252
720575940640632893
720575940640753104
720575940621467574
720575940621623686
720575940614971550
720575940621846883
720575940641441525
720575940641563188
720575940641563700
720575940620525695
720575940620534624
720575940620274566
720575940620327956
720575940620765888
720575940615681292
720575940615171467
720575940615220383
720575940615229346
720575940615239285
720575940620864877
720575940620896240
720575940620917697
720575940619022757
720575940642126221
720575940642268045
720575940619590310
720575940619668871
720575940619788885
720575940619795416
720575940641829851
720575940619992011
720575940620015086
720575940620126366
720575940616147573
720575940615332246
720575940615665458
720575940641171931
720575940641418971
720575940617949789
720575940618143003
720575940643672776
720575940618040901
720575940618056005
720575940618094749
720575940618102529
720575940618136859
720575940618830144
720575940618862715
720575940618207045
720575940618785926
720575940618808148
720575940619213488
720575940619232216
720575940619335407
720575940617180049
720575940616748817
720575940616770610
720575940617358651
720575940617453017
720575940617100044
720575940617516729
720575940617585698
720575940617634233
720575940617643810
720575940616365766
720575940616396917
720575940615711325
720575940615803954
720575940615954363
720575940617867238
720575940633706906
720575940634999950
720575940635105375
720575940635171519
720575940635171695
720575940606325094
720575940606677634
720575940605200486
720575940605306726
720575940605394354
720575940634428255
720575940633825166
720575940633832237
720575940633843854
720575940633896473
720575940633919083
720575940604875744
720575940604805566
720575940599457990
720575940652191734
720575940652193014
720575940616411323
720575940609966690
720575940609985860
720575940609360174
720575940599459782
720575940625085671
720575940625087724
720575940624735525
720575940624740091
720575940613673779
720575940613153689
720575940624823283
720575940639771008
720575940639294323
720575940616731665
720575940616761617
720575940616770134
720575940616894681
720575940660348033
720575940604811692
720575940604818092
720575940604993708
720575940605056684
720575940604180140
720575940602140862
720575940634600287
720575940605674185
720575940604105137
720575940647945268
720575940616575062
720575940605238705
720575940605398048
720575940617301177
720575940617358009
720575940617395686
720575940617396497
720575940617443677
720575940617470609
720575940617529378
720575940617548884
720575940617586210
720575940617641309
720575940617665885
720575940634400959
720575940654165921
720575940616203166
720575940615779807
720575940630029612
720575940630105106
720575940630118871
720575940630151996
720575940630153324
720575940630204636
720575940609810013
720575940609919445
720575940629699063
720575940629762426
720575940629782469
720575940629788542
720575940629375567
720575940606835074
720575940606926722
720575940618169674
720575940629473324
720575940629856556
720575940629880108
720575940629904940
720575940629292922
720575940629310519
720575940629318351
720575940636601572
720575940636678884
720575940636845157
720575940636902757
720575940618198395
720575940617747037
720575940617832758
720575940616399302
720575940617880916
720575940617495508
720575940644383432
720575940642665101
720575940642683808
720575940642877896
720575940643595060
720575940618445241
720575940618531585
720575940634591851
720575940633842062
720575940633854177
720575940633883106
720575940633915874
720575940616052054
720575940616054943
720575940617976389
720575940618069341
720575940618112069
720575940618899579
720575940610585208
720575940610637688
720575940610663573
720575940636141048
720575940636188261
720575940630419141
720575940611136435
720575940618971515
720575940618984315
720575940618242587
720575940618264404
720575940618399462
720575940643819812
720575940643866568
720575940619058648
720575940619060673
720575940619097211
720575940619140406
720575940637094757
720575940629504299
720575940629150407
720575940629205578
720575940629266179
720575940628699127
720575940611836309
720575940634961070
720575940635109983
720575940635192474
720575940635206245
720575940606527922
720575940618691904
720575940618787206
720575940645147939
720575940611041459
720575940630327808
720575940637107886
720575940628768680
720575940628782065
720575940628800006
720575940628856836
720575940628578603
720575940628585987
720575940628588135
720575940619215936
720575940619329414
720575940628920219
720575940628921162
720575940629010432
720575940629100304
720575940629110522
720575940629111707
720575940630614981
720575940630344960
720575940628461896
720575940628651014
720575940638040142
720575940637227998
720575940619355984
720575940619418929
720575940619211480
720575940619761217
720575940637407845
720575940637441758
720575940637612260
720575940628764203
720575940611829141
720575940628362813
720575940628399434
720575940628424776
720575940630430508
720575940619779465
720575940605868418
720575940634086295
720575940644063944
720575940644164718
720575940611307669
720575940615602107
720575940615617163
720575940615622685
720575940615630934
720575940633664281
720575940633697983
720575940633388115
720575940643679688
720575940642125813
720575940619925696
720575940620003188
720575940642267021
720575940619490507
720575940619631158
720575940620059813
720575940620148596
720575940615329951
720575940615556255
720575940615560278
720575940615598267
720575940630437228
720575940630221098
720575940630221980
720575940630306775
720575940628304643
720575940628347464
720575940627958546
720575940612125170
720575940612145301
720575940641410011
720575940641435099
720575940641577101
720575940641613557
720575940628088582
720575940638575192
720575940637744094
720575940637863401
720575940637903076
720575940637928158
720575940620474817
720575940620528736
720575940620263592
720575940620035408
720575940615247839
720575940620320094
720575940620346305
720575940620656598
720575940620671623
720575940620690768
720575940620732525
720575940633425581
720575940633454305
720575940633195489
720575940607204530
720575940607522226
720575940620346900
720575940620348513
720575940642643252
720575940641400795
720575940607859804
720575940620773217
720575940620474059
720575940628165352
720575940628216081
720575940645622051
720575940645689396
720575940646184995
720575940646496547
720575940646603555
720575940646605876
720575940628090353
720575940627767624
720575940615196010
720575940615218087
720575940627635972
720575940627694744
720575940621175649
720575940620809051
720575940614746847
720575940620898544
720575940620951167
720575940620563220
720575940621040065
720575940621044340
720575940633245907
720575940636088462
720575940635237044
720575940635286196
720575940607700060
720575940607853323
720575940630365689
720575940620951472
720575940641647668
720575940640587472
720575940635363168
720575940635368567
720575940635461239
720575940621053360
720575940621055323
720575940627776058
720575940627814163
720575940609733845
720575940609782793
720575940608650507
720575940627613928
720575940635503758
720575940635544973
720575940633355987
720575940620821441
720575940620831341
720575940621191156
720575940621321057
720575940621342902
720575940621354155
720575940621358501
720575940612123866
720575940647818116
720575940627469564
720575940627192728
720575940627196772
720575940614974110
720575940640721141
720575940621690100
720575940621747580
720575940621749416
720575940621791237
720575940621542765
720575940630400374
720575940609601092
720575940609695790
720575940630560763
720575940611982802
720575940627267721
720575940627323157
720575940627058186
720575940606947529
720575940632703023
720575940632734637
720575940632782540
720575940632823912
720575940621571149
720575940627062291
720575940627090002
720575940627336714
720575940612381335
720575940612405477
720575940611943141
720575940608675851
720575940608867083
720575940621605997
720575940614778335
720575940614952607
720575940639907517
720575940640183936
720575940614986719
720575940615040943
720575940614427542
720575940614449631
720575940630766610
720575940630448896
720575940630466042
720575940626791293
720575940626798353
720575940626835545
720575940627103588
720575940621645829
720575940621676817
720575940632682067
720575940632665252
720575940609251523
720575940621949985
720575940622362890
720575940627154313
720575940627180520
720575940626905496
720575940638375494
720575940638379846
720575940627007869
720575940627018259
720575940627021612
720575940626760211
720575940630996754
720575940622378218
720575940640389208
720575940622518298
720575940622557260
720575940622620874
720575940630637007
720575940631112668
720575940631192620
720575940638507497
720575940638547508
720575940626872201
720575940626597662
720575940626677480
720575940626700294
720575940622268748
720575940632577934
720575940622874385
720575940622890710
720575940622890966
720575940609255177
720575940608276233
720575940608278537
720575940622276340
720575940622282762
720575940622283786
720575940622290252
720575940614572950
720575940614590429
720575940614722541
720575940640254928
720575940640302926
720575940640321165
720575940622687757
720575940622693119
720575940622788195
720575940626745118
720575940626867655
720575940638199273
720575940638256612
720575940631295483
720575940631306538
720575940631310351
720575940612330446
720575940626458412
720575940626481964
720575940626492188
720575940622867453
720575940622951779
720575940622639715
720575940623010345
720575940632388968
720575940626512837
720575940626565852
720575940626094794
720575940612861649
720575940612881578
720575940612891670
720575940631235343
720575940631856451
720575940632919379
720575940632433000
720575940632452909
720575940623100906
720575940630893330
720575940630935803
720575940630941714
720575940639037006
720575940626149680
720575940626161922
720575940626210844
720575940626240514
720575940625929872
720575940625958444
720575940623164307
720575940614397334
720575940644397092
720575940644497943
720575940622945041
720575940623746282
720575940644526024
720575940623571383
720575940623189130
720575940623189272
720575940623271914
720575940623272268
720575940623289162
720575940623324630
720575940640522840
720575940632454957
720575940632509552
720575940632534988
720575940632547143
720575940639532240
720575940639564870
720575940639610019
720575940639761011
720575940623681672
720575940625968228
720575940625974572
720575940646792739
720575940646798883
720575940647087412
720575940626018748
720575940623714765
720575940623725803
720575940623728522
720575940623927559
720575940638601030
720575940638648639
720575940638894406
720575940638894911
720575940625185319
720575940625891623
720575940625896718
720575940625405005
720575940612963094
720575940612660520
720575940623950077
720575940631894238
720575940631668072
720575940624168455
720575940632213924
720575940632216290
720575940632300345
720575940632328403
720575940632359566
720575940623597704
720575940623618999
720575940623674893
720575940645145891
720575940623417525
720575940623502119
720575940623520041
720575940623892777
720575940623987244
720575940631368259
720575940631110475
720575940609062665
720575940650521209
720575940651671542
720575940613305640
720575940613342873
720575940612906904
720575940612945686
720575940625460494
720575940625504601
720575940623794154
720575940623828924
720575940624142316
720575940624164791
720575940631813391
720575940631408203
720575940631501123
720575940631502137
720575940624207031
720575940624241092
720575940624313068
720575940624359974
720575940623986439
720575940624411796
720575940624430094
720575940613718824
720575940613751658
720575940613804083
720575940613876718
720575940624823700
720575940624565006
720575940624620779
720575940636011127
720575940625641418
720575940625109432
720575940625171533
720575940624785422
720575940624796990
720575940625210130
720575940625233552
720575940625270798
720575940625339324
720575940624846823
720575940631762233
720575940631548714
720575940631560504
720575940631567687
720575940624658184
720575940624677048
720575940624718862
720575940624379317
720575940613415922
720575940613422033
720575940613471205
720575940613492502
720575940613499857
720575940613645487
720575940624439015
720575940624097535
720575940624101709
720575940639449909
720575940624913848
720575940613288499
720575940613292595
720575940635615156
720575940635894158
720575940635913840
720575940635926008
720575940635981167
720575940635994872
720575940624961328
720575940647123076
720575940631601227
720575940631630476
720575940636419502
720575940617111227
720575940617162779
720575940634942143
720575940634202480
720575940634206576
720575940634215836
720575940634320097
720575940629942492
720575940629974978
720575940629575921
720575940629622263
720575940629632615
720575940630025175
720575940617185403
720575940617198265
720575940616544139
720575940616505174
720575940616471126
720575940655641505
720575940635220148
720575940635223397
720575940661243777
720575940655819937
720575940616493115
720575940616525073
720575940616582027
720575940634890095
720575940634893534
720575940616929595
720575940616976657
720575940610070596
720575940610367812
720575940609341141
720575940660737921
720575940601672201
720575940624742548
720575940624752316
720575940624822771
720575940639304563
720575940639396003
720575940613292798
720575940636492151
720575940639471413
720575940631622712
720575940631872569
720575940624483410
720575940631758562
720575940625523545
720575940625571405
720575940625148967
720575940624804861
720575940625204226
720575940631443308
720575940624377096
720575940623970231
720575940624380652
720575940624388756
720575940624404005
720575940624412820
720575940624434616
720575940613889587
720575940613896829
720575940624041451
720575940609068227
720575940613312423
720575940613323262
720575940612893359
720575940623853821
720575940631749903
720575940632122947
720575940632280903
720575940623596435
720575940623624840
720575940623499814
720575940623854077
720575940623866153
720575940638806591
720575940625823376
720575940612947887
720575940613036525
720575940632068623
720575940631703341
720575940631729548
720575940639505240
720575940639766131
720575940626302138
720575940626381356
720575940646797347
720575940647036804
720575940612669849
720575940625989907
720575940623731396
720575940644608036
720575940623202634
720575940623207608
720575940623248010
720575940640516571
720575940623126762
720575940623153961
720575940636017527
720575940636024183
720575940631256338
720575940626220588
720575940625961516
720575940614269607
720575940614276002
720575940622936811
720575940622638691
720575940623022889
720575940631829644
720575940626506329
720575940626560220
720575940626251909
720575940626397778
720575940626435459
720575940626441561
720575940612751513
720575940612773338
720575940632416398
720575940614024866
720575940614224126
